function mpc = testcase
% this is a unit commitment case used by the paper
% A genetic algorithm approach to generator unit commitment

%Generator system operation data 
%------------------------------------------------------------------------------------------------------------------------------------
%Unit No. | Generation limits | Fuel cost coefficients |  Initial status |  Up down times |Initial power | Startup cost coefficients 
% NO.     |    Pmin  Pmax     |    a     b     c       |      IN         |   MUT  MDT     |     IP       |    ?   ?      ?
%------------------------------------------------------------------------------------------------------------------------------------
mpc.generator = [
1 250.00  520.00 105.00 1.395 0.00130 10 10 4 520.00 60.00 207.00 11.00;
2 120.00  320.00 49.00  1.264 0.00290  7  7 5 320.00 50.00 137.00  7.00;
3  75.00  200.00 82.00  1.214 0.00150  6  6 6 200.00 70.00 157.00  9.00;
4  75.00  280.00 72.00  1.350 0.00260 23  6 3   0.00 30.00 146.00  6.00;
5  50.00  150.00 29.00  1.540 0.00210 23  1 3   0.00 30.00 130.00  5.00;
6  50.00  150.00 100.00 1.329 0.00140  3  3 2 150.00 80.00 202.00 11.00;
7  25.00  120.00 32.00  1.500 0.00380  3  3 3 120.00 12.00 100.00  5.00;
8  30.00  100.00 40.00  1.350 0.00390  4  4 4 100.00 25.00 110.00  5.00;
9  20.00   80.00 25.00  1.500 0.00400  3  3 4  80.00 15.00 123.00  5.00;
10 15.00   60.00 15.00  1.400 0.00510  3  3 2  60.00 15.00 123.00  5.00;
];
%---------------------------------------------------------------------------------------------------------------------------------------
%Load hour data for 24 h
%Hour  Load 
mpc.load = [
1 1517.00; 
2 1426.00; 
3 1368.00; 
4 1328.00; 
5 1317.00;
6 1351.00; 
7 1398.00; 
8 1351.00; 
9 1317.00; 
10 1293.00; 
11 1238.00; 
12 1226.00; 
13 1203.00; 
14 1180.00; 
15 1170.00; 
16 1136.00; 
17 1113.00; 
18 1079.00; 
19 1034.00; 
20 1022.00; 
21 1010.00;
22 1058.00;
23 1124.00;
24 1517.00;
];
end

