function mpc = testcase1
% this is a unit commitment case used by the paper
% A genetic algorithm approach to generator unit commitment

%Generator system operation data 
%------------------------------------------------------------------------------------------------------------------------------------
%Unit No. | Generation limits |  Fixed$ Variable$ Start$|  Initial status |  Up down times |     Shutdown Cost
% NO.     |    Pmin  Pmax     |    A     B     C        |      IN         |   MUT  MDT     |          D
%------------------------------------------------------------------------------------------------------------------------------------
mpc.generator = [
1 250.00 520.00  5 0.130 25 10 10 4   2; 
2 120.00 320.00  6 0.290 27  7  7 5   1;
3  75.00 200.00  7 0.150 21  6  6 6 1.3;
4  75.00 280.00  8 0.260 24 -3  6 3 1.5;
5  50.00 150.00 10 0.210 15 -3  1 3 1.2;
6  50.00 150.00  8 0.140 12  3  3 2 0.5;
7  25.00 120.00  6 0.180 32  3  3 3   4;
8  30.00 100.00  8 0.390 36  4  4 4 3.1;
9  20.00  80.00  9 0.400 33  3  3 4 1.7;
10 15.00  60.00 12 0.210 32  3  3 2 1.2;
];
%---------------------------------------------------------------------------------------------------------------------------------------
%Load hour data for 24 h
%Hour  Load 
mpc.load = [
1 1517.00; 
2 1426.00; 
3 1368.00; 
4 1328.00; 
5 1317.00;
6 1351.00; 
7 1398.00; 
8 1351.00; 
9 1317.00; 
10 1293.00; 
11 1238.00; 
12 1226.00; 
13 1203.00; 
14 1180.00; 
15 1170.00; 
16 1136.00; 
17 1113.00; 
18 1079.00; 
19 1034.00; 
20 1022.00; 
21 1010.00;
22 1058.00;
23 1124.00;
24 1517.00;
];
end

